%YAML:1.0
---
K: !!opencv-matrix
   rows: 3
   cols: 3
   dt: d
   data: [ 1197.6196092504504, 0., 1278.6457571568153, 0.,
       1193.8528321683489, 716.76864434909533, 0., 0., 1. ]
dist: !!opencv-matrix
   rows: 1
   cols: 5
   dt: d
   data: [ -0.11423916369319069, -0.012166048629117326,
       0.0011584066478439045, 0.00021358010354180989,
       0.014655588828861869 ]
rms: 3.9780301789736781
img_width: 2560
img_height: 1440
